,date,total_cases,new_cases,population,people_vaccinated,people_fully_vaccinated,new_vaccinations
1,2021-02-27,89676,355,51269183,21731,0,1424
2,2021-02-28,90031,355,51269183,22595,0,864
3,2021-03-01,90372,341,51269183,24070,0,1475
4,2021-03-02,90816,444,51269183,90484,0,66414
5,2021-03-03,91240,424,51269183,159921,0,69437
6,2021-03-04,91638,398,51269183,230261,0,70340
7,2021-03-05,92055,417,51269183,300717,0,70456
8,2021-03-06,92471,416,51269183,318725,0,18008
9,2021-03-07,92817,346,51269183,320800,0,2075
10,2021-03-08,93263,446,51269183,388227,0,67427
11,2021-03-09,93733,470,51269183,451601,0,63374
12,2021-03-10,94198,465,51269183,505616,0,54015
13,2021-03-11,94686,488,51269183,550059,0,44443
14,2021-03-12,95176,490,51269183,588149,0,38090
15,2021-03-13,95635,459,51269183,591984,0,3835
16,2021-03-14,96017,382,51269183,593154,0,1170
17,2021-03-15,96380,363,51269183,605606,0,12452
18,2021-03-16,96849,469,51269183,624434,0,18828
19,2021-03-17,97294,445,51269183,644218,0,19784
20,2021-03-18,97757,463,51269183,663500,0,19282
21,2021-03-19,98209,452,51269183,680303,0,16803
22,2021-03-20,98665,456,51269183,681538,313,1548
23,2021-03-21,99075,410,51269183,681538,593,280
24,2021-03-22,99421,346,51269183,685208,883,3960
25,2021-03-23,99846,425,51269183,706971,1498,22378
26,2021-03-24,100276,430,51269183,737477,2692,31700
27,2021-03-25,100770,494,51269183,771880,3834,35545
28,2021-03-26,101275,505,51269183,796647,5233,26166
29,2021-03-27,101757,482,51269183,797928,5233,1281
30,2021-03-28,102141,384,51269183,797973,5233,45
31,2021-03-29,102582,441,51269183,825894,6152,28840
32,2021-03-30,103088,506,51269183,855858,8188,32000
33,2021-03-31,103639,551,51269183,879959,12977,28890
34,2021-04-01,104194,555,51269183,917508,20244,44816
35,2021-04-02,104736,542,51269183,956996,26842,46086
36,2021-04-03,105279,543,51269183,965583,27386,9131
37,2021-04-04,105752,473,51269183,966213,27452,696
38,2021-04-05,106230,478,51269183,1003113,27769,37217
39,2021-04-06,106898,668,51269183,1041977,33513,44608
40,2021-04-07,107598,700,51269183,1079635,42754,46899
41,2021-04-08,108269,671,51269183,1116799,52254,46664
42,2021-04-09,108945,676,51269183,1150446,59540,40933
43,2021-04-10,109559,614,51269183,1159244,60629,9887
44,2021-04-11,110146,587,51269183,1159549,60629,305
45,2021-04-12,110688,542,51269183,1197864,60654,38340
46,2021-04-13,111419,731,51269183,1242259,60659,44400
47,2021-04-14,112117,698,51269183,1288825,60662,46569
48,2021-04-15,112789,672,51269183,1382610,60665,93788
49,2021-04-16,113444,655,51269183,1486129,60865,103719
50,2021-04-17,114115,671,51269183,1515539,60865,29410
51,2021-04-18,114646,531,51269183,1520405,60865,4866
52,2021-04-19,115195,549,51269183,1643372,60867,122969
53,2021-04-20,115926,731,51269183,1774739,60880,131380
54,2021-04-21,116661,735,51269183,1907392,60906,132679
55,2021-04-22,117458,797,51269183,2039288,79447,150437
56,2021-04-23,118243,785,51269183,2199521,99063,179849
57,2021-04-24,118887,644,51269183,2264627,104836,70879
58,2021-04-25,119387,500,51269183,2270915,105203,6655
59,2021-04-26,119898,511,51269183,2413734,126806,164422
60,2021-04-27,120673,775,51269183,2590742,148596,198798
61,2021-04-28,121351,678,51269183,2822884,169041,252587
62,2021-04-29,122007,656,51269183,3085188,199083,292346
63,2021-04-30,122634,627,51269183,3362270,228841,306840
64,2021-05-01,123240,606,51269183,3402428,236554,47871
65,2021-05-02,123728,488,51269183,3403989,236868,1875
66,2021-05-03,124269,541,51269183,3490157,267449,116749
67,2021-05-04,124945,676,51269183,3564937,298687,106018
68,2021-05-05,125519,574,51269183,3570278,323998,30652
69,2021-05-06,126044,525,51269183,3627773,397515,131012
70,2021-05-07,126745,701,51269183,3675764,474331,124807
71,2021-05-08,127309,564,51269183,3687874,501878,39657
72,2021-05-09,127772,463,51269183,3687877,506613,4738
73,2021-05-10,128283,511,51269183,3701342,584189,91041
74,2021-05-11,128918,635,51269183,3709881,664983,89333
75,2021-05-12,129633,715,51269183,3716007,747879,89022
76,2021-05-13,130380,747,51269183,3724644,825876,86634
77,2021-05-14,131061,681,51269183,3735542,906002,91024
78,2021-05-15,131671,610,51269183,3736836,936162,31454
79,2021-05-16,132290,619,51269183,3736843,941150,4995
80,2021-05-17,132818,528,51269183,3750213,1041530,113750
81,2021-05-18,133471,653,51269183,3762679,1183425,154361
82,2021-05-19,134117,646,51269183,3764495,1276496,94887
83,2021-05-20,134678,561,51269183,3776751,1487734,223494
84,2021-05-21,135344,666,51269183,3791171,1713210,239896
85,2021-05-22,135929,585,51269183,3796304,1748978,40901
86,2021-05-23,136467,538,51269183,3796522,1751684,2924
87,2021-05-24,136983,516,51269183,3868350,1856692,176836
88,2021-05-25,137682,699,51269183,3946573,1950176,171707
89,2021-05-26,138311,629,51269183,4034280,2017860,155391
90,2021-05-27,138898,587,51269183,4696132,2073053,717045
91,2021-05-28,139431,533,51269183,5241077,2138254,610146
92,2021-05-29,139910,479,51269183,5405697,2147135,173501
93,2021-05-30,140340,430,51269183,5410426,2147222,4816
94,2021-05-31,140799,459,51269183,5797347,2174535,414234
95,2021-06-01,141476,677,51269183,6364923,2200953,593994
96,2021-06-02,142157,681,51269183,6747914,2223713,405751
97,2021-06-03,142852,695,51269183,7091858,2249464,369695
98,2021-06-04,143596,744,51269183,7460924,2279387,398989
99,2021-06-05,144152,556,51269183,7601018,2281755,142462
100,2021-06-06,144637,485,51269183,7603986,2281755,2968
101,2021-06-07,145091,454,51269183,8498778,2302387,915424
102,2021-06-08,145692,601,51269183,9245454,2328165,772454
103,2021-06-09,146303,611,51269183,9839612,2352695,618688
104,2021-06-10,146859,556,51269183,10607224,2640561,802744
105,2021-06-11,147422,563,51269183,11434389,2878003,862548
106,2021-06-12,147874,452,51269183,11823459,2997208,394055
107,2021-06-13,148273,399,51269183,11851331,3009194,28087
108,2021-06-14,148647,374,51269183,12620959,3267994,856458
109,2021-06-15,149191,544,51269183,13268267,3477230,744118
110,2021-06-16,149731,540,51269183,13836756,3760111,673654
111,2021-06-17,150238,507,51269183,14280085,3889629,547063
112,2021-06-18,150720,482,51269183,14817350,4017452,634261
113,2021-06-19,151149,429,51269183,15033705,4053486,233355
114,2021-06-20,151506,357,51269183,15034318,4054622,1328
115,2021-06-21,151901,395,51269183,15081757,4172098,161733
116,2021-06-22,152545,644,51269183,15130548,4297484,171700
117,2021-06-23,153155,610,51269183,15174683,4417835,163394
118,2021-06-24,153789,634,51269183,15220344,4525725,153002
119,2021-06-25,154457,668,51269183,15284213,4622608,160332
120,2021-06-26,155071,614,51269183,15295438,4646264,34792
121,2021-06-27,155572,501,51269183,15295444,4647004,740
122,2021-06-28,156167,595,51269183,15308699,4791577,157368
123,2021-06-29,156961,794,51269183,15325426,4936572,161055
124,2021-06-30,157723,762,51269183,15340132,5073650,151048
125,2021-07-01,158549,826,51269183,15344551,5194312,124519
126,2021-07-02,159342,793,51269183,15349610,5315150,125545
127,2021-07-03,160084,742,51269183,15351094,5332162,18281
128,2021-07-04,160795,711,51269183,15351094,5332808,646
129,2021-07-05,161541,746,51269183,15405635,5409177,130910
130,2021-07-06,162753,1212,51269183,15444008,5499918,129114
131,2021-07-07,164028,1275,51269183,15479418,5588944,124436
132,2021-07-08,165344,1316,51269183,15517489,5695126,144253
133,2021-07-09,166722,1378,51269183,15575897,5843630,206912
